 -0.20000E+01  0.34142E-01 -0.27011E+00 -0.13118E-01
 -0.19655E+01  0.34142E-01 -0.28405E+00 -0.14703E-01
 -0.19310E+01  0.34142E-01 -0.29971E+00 -0.16609E-01
 -0.18965E+01  0.34142E-01 -0.31746E+00 -0.18929E-01
 -0.18621E+01  0.34142E-01 -0.33777E+00 -0.21793E-01
 -0.18276E+01  0.34142E-01 -0.36124E+00 -0.25388E-01
 -0.17931E+01  0.34142E-01 -0.38872E+00 -0.29989E-01
 -0.17586E+01  0.34142E-01 -0.42134E+00 -0.36008E-01
 -0.17241E+01  0.34142E-01 -0.46075E+00 -0.44100E-01
 -0.16896E+01  0.34142E-01 -0.50933E+00 -0.55339E-01
 -0.16551E+01  0.34142E-01 -0.57075E+00 -0.71592E-01
 -0.16206E+01  0.34142E-01 -0.65083E+00 -0.96335E-01
 -0.15862E+01  0.34142E-01 -0.75937E+00 -0.13662E+00
 -0.15517E+01  0.34142E-01 -0.91377E+00 -0.20846E+00
 -0.15172E+01  0.34142E-01 -0.11460E+01 -0.35415E+00
 -0.14827E+01  0.34142E-01 -0.15056E+01 -0.70998E+00
 -0.14482E+01  0.34142E-01 -0.18657E+01 -0.17880E+01
 -0.14137E+01  0.34142E-01 -0.38323E-01 -0.35579E+01
 -0.13792E+01  0.34142E-01  0.16859E+01 -0.17374E+01
 -0.13447E+01  0.34142E-01  0.13137E+01 -0.69433E+00
 -0.13103E+01  0.34142E-01  0.95769E+00 -0.34878E+00
 -0.12758E+01  0.34142E-01  0.72757E+00 -0.20654E+00
 -0.12413E+01  0.34142E-01  0.57386E+00 -0.13622E+00
 -0.12068E+01  0.34142E-01  0.46512E+00 -0.96769E-01
 -0.11723E+01  0.34142E-01  0.38424E+00 -0.72584E-01
 -0.11378E+01  0.34142E-01  0.32157E+00 -0.56767E-01
 -0.11033E+01  0.34142E-01  0.27133E+00 -0.45907E-01
 -0.10689E+01  0.34142E-01  0.22992E+00 -0.38173E-01
 -0.10344E+01  0.34142E-01  0.19493E+00 -0.32507E-01
 -0.99988E+00  0.34142E-01  0.16473E+00 -0.28271E-01
 -0.96539E+00  0.34142E-01  0.13816E+00 -0.25057E-01
 -0.93090E+00  0.34142E-01  0.11437E+00 -0.22600E-01
 -0.89642E+00  0.34142E-01  0.92700E-01 -0.20722E-01
 -0.86193E+00  0.34142E-01  0.72657E-01 -0.19299E-01
 -0.82744E+00  0.34142E-01  0.53835E-01 -0.18247E-01
 -0.79295E+00  0.34142E-01  0.35897E-01 -0.17509E-01
 -0.75847E+00  0.34142E-01  0.18554E-01 -0.17045E-01
 -0.72398E+00  0.34142E-01  0.15457E-02 -0.16831E-01
 -0.68949E+00  0.34142E-01 -0.15370E-01 -0.16859E-01
 -0.65501E+00  0.34142E-01 -0.32433E-01 -0.17127E-01
 -0.62052E+00  0.34142E-01 -0.49887E-01 -0.17649E-01
 -0.58603E+00  0.34142E-01 -0.67995E-01 -0.18449E-01
 -0.55155E+00  0.34142E-01 -0.87053E-01 -0.19569E-01
 -0.51706E+00  0.34142E-01 -0.10740E+00 -0.21070E-01
 -0.48257E+00  0.34142E-01 -0.12946E+00 -0.23039E-01
 -0.44808E+00  0.34142E-01 -0.15375E+00 -0.25604E-01
 -0.41360E+00  0.34142E-01 -0.18093E+00 -0.28952E-01
 -0.37911E+00  0.34142E-01 -0.21188E+00 -0.33358E-01
 -0.34462E+00  0.34142E-01 -0.24781E+00 -0.39245E-01
 -0.31014E+00  0.34142E-01 -0.29042E+00 -0.47278E-01
 -0.27565E+00  0.34142E-01 -0.34218E+00 -0.58557E-01
 -0.24116E+00  0.34142E-01 -0.40687E+00 -0.74993E-01
 -0.20668E+00  0.34142E-01 -0.49047E+00 -0.10015E+00
 -0.17219E+00  0.34142E-01 -0.60305E+00 -0.14123E+00
 -0.13770E+00  0.34142E-01 -0.76243E+00 -0.21463E+00
 -0.10321E+00  0.34142E-01 -0.10014E+01 -0.36356E+00
 -0.68728E-01  0.34142E-01 -0.13710E+01 -0.72702E+00
 -0.34241E-01  0.34142E-01 -0.17451E+01 -0.18275E+01
  0.24633E-03  0.34142E-01  0.10968E+00 -0.36631E+01
  0.34733E-01  0.34142E-01  0.19115E+01 -0.18012E+01
  0.69220E-01  0.34142E-01  0.15316E+01 -0.71836E+00
  0.10371E+00  0.34142E-01  0.11647E+01 -0.35988E+00
  0.13819E+00  0.34142E-01  0.92787E+00 -0.21241E+00
  0.17268E+00  0.34142E-01  0.77025E+00 -0.13946E+00
  0.20717E+00  0.34142E-01  0.65932E+00 -0.98469E-01
  0.24166E+00  0.34142E-01  0.57740E+00 -0.73251E-01
  0.27614E+00  0.34142E-01  0.51452E+00 -0.56669E-01
  0.31063E+00  0.34142E-01  0.46474E+00 -0.45195E-01
  0.34512E+00  0.34142E-01  0.42434E+00 -0.36930E-01
  0.37960E+00  0.34142E-01  0.39086E+00 -0.30781E-01
  0.41409E+00  0.34142E-01  0.36265E+00 -0.26083E-01
  0.44858E+00  0.34142E-01  0.33852E+00 -0.22412E-01
  0.48306E+00  0.34142E-01  0.31762E+00 -0.19490E-01
  0.51755E+00  0.34142E-01  0.29933E+00 -0.17126E-01
  0.55204E+00  0.34142E-01  0.28317E+00 -0.15187E-01
  0.58653E+00  0.34142E-01  0.26876E+00 -0.13577E-01
  0.62101E+00  0.34142E-01  0.25582E+00 -0.12227E-01
  0.65550E+00  0.34142E-01  0.24413E+00 -0.11085E-01
  0.68999E+00  0.34142E-01  0.23349E+00 -0.10111E-01
  0.72447E+00  0.34142E-01  0.22375E+00 -0.92752E-02
  0.75896E+00  0.34142E-01  0.21479E+00 -0.85552E-02
  0.79345E+00  0.34142E-01  0.20650E+00 -0.79326E-02
  0.82793E+00  0.34142E-01  0.19879E+00 -0.73937E-02
  0.86242E+00  0.34142E-01  0.19158E+00 -0.69280E-02
  0.89691E+00  0.34142E-01  0.18481E+00 -0.65276E-02
  0.93140E+00  0.34142E-01  0.17842E+00 -0.61873E-02
  0.96588E+00  0.34142E-01  0.17233E+00 -0.59042E-02
  0.10004E+01  0.34142E-01  0.16651E+00 -0.56783E-02
  0.10349E+01  0.34142E-01  0.16088E+00 -0.55130E-02
  0.10693E+01  0.34142E-01  0.15539E+00 -0.54165E-02
  0.11038E+01  0.34142E-01  0.14997E+00 -0.54047E-02
  0.11383E+01  0.34142E-01  0.14451E+00 -0.55059E-02
  0.11728E+01  0.34142E-01  0.13890E+00 -0.57725E-02
  0.12073E+01  0.34142E-01  0.13295E+00 -0.63036E-02
  0.12418E+01  0.34142E-01  0.12635E+00 -0.73027E-02
  0.12763E+01  0.34142E-01  0.11858E+00 -0.92338E-02
  0.13108E+01  0.34142E-01  0.10870E+00 -0.13322E-01
  0.13452E+01  0.34142E-01  0.95233E-01 -0.23505E-01
  0.13797E+01  0.34142E-01  0.81652E-01 -0.54592E-01
  0.14142E+01  0.34142E-01  0.13126E+00 -0.10734E+00
