           5
   0.2463294683314743E-03   0.3414213562360009E-01
   0.1495526403108542E+01  -0.7656240843870010E-01   0.0000000000000000E+00   0.0000000000000000E+00
  -0.3154114343834607E+01  -0.8135659899926704E+00   0.1239298570036927E+01  -0.1272234484628748E+00
  -0.5786305402473373E+00  -0.2944139859066345E+01   0.3343157225507080E+01   0.1847577749019123E+01
   0.5564176396585513E+00  -0.1057424293724620E-01  -0.2479871075973645E-10   0.1013934466203816E-10
  -0.1383750710538056E+01  -0.7392546996867765E-01   0.1274945422206976E+00  -0.4847600988552227E-02
   0.2500000000000000E+00   0.0000000000000000E+00
   0.8353521595660549E-16  -0.1688037752017987E-16
   0.9046865294433404E-16  -0.3285304539503214E-16
  -0.1037082041670557E-14   0.3926232265137189E-14
   0.2674966961731526E-15  -0.1375375400487320E-14
